0.03719414715768199 0.00474928647751427 0.005221936139200523 0.019678794542110745 0.0066908054123359095 0.011749193034975236 0.04566350350792525 9.015743393233633E-4 0.03874940344220268 3.915426566192259E-6 
0.20842536108236065 0.0017274231717180344 0.0037010624405062753 6.661338147750939E-16 0.011121251419748956 0.008045413895431341 0.01633005517717756 6.97351625177145E-4 0.028874191672008553 0.05400115559311569 
0.09985818579234251 0.009991099982721963 0.008540054009459008 0.013856404990769566 0.01279224503543297 0.009254255845620896 0.018783683542811014 7.672048313311919E-4 0.05034585696663341 0.03248851268490871 
0.03268287671950709 0.0040867392686869675 0.008770074241018944 0.021449108906027137 0.040130823986520014 0.01913194833924592 0.04257642765395886 0.006327044356162048 0.0312657396663637 0.03336356747994196 
0.05993920410946896 0.009415821569019656 6.011019954209607E-4 0.017095273068886918 0.03237016156373884 0.021729694094182128 0.06255215100485145 0.0033793348482364927 0.058832588407462416 0.0744757790940982 
0.03333981171834555 0.004168883875472318 0.008946355195746047 0.029316969116122804 0.040937464816677926 0.01951650587277931 0.03987967636497658 0.0016082865021228576 0.03475445715941339 0.01682517202614242 
0.05475025481265272 0.0050281675980514695 1.035687684058928E-4 0.011760869655704775 0.04422796438629517 0.039957676260811925 0.06577389276302337 0.0032336973516020606 0.04234822645334002 0.05591627505844532 
0.002371968876532571 0.009635250559349773 0.014972932671473926 0.02093166679261871 0.048312095514458586 0.025757906084588056 0.07182377296731612 7.838101239785455E-4 0.031628906182271765 0.0644132189501685 
0.005070239978255953 0.0030854446340498054 0.007785663603707471 0.012624355467901194 0.027293158277302387 2.2128559391543234E-6 0.030091491884739474 2.8191412985101305E-4 0.031183802435893693 0.01227167186748157 
0.03770082287466825 0.004570335454551988 0.008932501683730831 0.03212236676415947 0.07915557230022874 0.007416825740202193 0.015863860988611145 0.0011831097333919738 0.08202280389960759 0.0921703022420417 
0.030101598810791552 0.003011752012906488 0.01318780928460958 0.014982446932491872 0.03288394084835866 0.05976620321801979 0.07885973269994556 0.004437472749772797 0.05494365715576244 0.07880952785879763 
0.03509584989559178 0.00613360986869349 0.00761330475640698 0.006760936805480622 0.023015004519163607 0.01775427163015142 0.03393713566379908 0.0020461375644231783 0.06281209532314869 0.03338341245837351 
0.0455829083722431 0.0067797547509727 0.014596231480920374 0.023771551917429967 0.04466316006842341 0.057243528676495736 0.05456989194650297 1.92471540604644E-4 0.028226773275033645 0.043204578555628426 
0.04953242935512492 0.0045489716383685375 0.01639520260098759 0.043439591445380676 0.029737906910270118 0.028729636449125073 0.05950548920446508 0.0011682959484506927 0.06536420359520578 0.050587325184359044 
0.030403557876526155 0.005710643394556292 0.008158445232855027 0.01995323819323047 0.03733208187817216 0.03606632919677588 0.05528210678426382 0.0022011647907514975 0.0480961731984938 0.031036776950493117 
0.08408682059142603 0.003750573955797698 0.006957394227317004 0.011107417979179357 0.045801703206714395 0.033900867913001176 0.055803846953683456 0.002193629356542104 0.07442748535258314 0.04744045280737463 
0.038057133150042555 0.00659055486827842 0.014166025347859601 0.02302768742969885 0.02846350133016262 0.02053999204384227 0.04197104956118769 0.001692628392252149 0.007974894706212488 0.01828281446275748 
0.06438272254580368 0.009882526489677579 0.00845168629340498 0.0012778863096217785 6.458148206767156E-6 0.009159831985732558 0.03765483836192962 0.001518562179965377 0.04663022999363753 0.08314047667750846 
0.03657682004108331 0.004573646563259093 0.004892691637313429 0.007923691484175488 0.02967105033993922 0.010635791726746002 0.021587834760044666 0.0017644372577628742 0.03812881535998336 0.018458751193901946 
0.060963805773211144 0.011554084469162396 0.03233362525644545 0.04093960064736113 0.03233515087466954 0.023211663734295063 0.06458424022454534 0.0029352168122824818 0.005082279194265071 0.05480356316381252 
8.215902758124116E-8 0.0066992513985079105 0.009570820935960955 0.023407333760930182 0.034524393026838074 0.024882038606641843 0.05101804903239293 0.0034447974614680854 0.03717983987417417 1.6799840929504484E-7 
0.031214200584414487 0.00822833104135856 0.0021089227559617507 0.009286106077275758 3.811415612148261E-4 0.01191604074397179 0.042121998371213665 0.0018418188945549252 0.025104488271518455 0.031862937950001835 
0.05699274828094958 0.00478046488760242 0.01722954034227764 0.028112993227407457 0.045240391901448906 0.037989240539441305 0.06838260204136248 0.0020583449107508534 0.03134312247683513 0.04423458053200324 
0.03372120283390856 0.004216573865006401 0.0045107105243238355 0.007305074837863801 0.013554147391217186 0.004501754403017366 0.03095472172094116 0.0016266845119368156 0.1105036690143465 0.017017643752821554 
0.017689783356684363 0.004473383754716176 0.004785434769493002 0.015575874747300156 0.029020605930132115 0.020942013001075566 0.021114589415554552 8.62408854699237E-4 0.03729296106701696 0.03652007895578213 
0.042251312169637845 0.0034612846023398536 0.0021645641488844403 0.01900204575077402 0.03496337763693236 0.012814563265005852 0.0010251334151741842 0.013958885783980635 0.018838350683267446 0.0625719753683287 
0.05306477053148917 0.0045237432039796355 0.014605887654632 0.00783748144825358 0.014541848596939633 0.010520022747930291 0.021352622288978274 4.3898387702689945E-8 0.0018052446243940201 0.05418155947285097 
0.035187982039327825 1.3167717481166186E-5 0.00945561790275784 0.007622825421049861 0.028544427461902333 0.02059839041454148 0.042090379739392225 8.482582015941764E-4 0.03668104741092748 0.017757864263484135 
0.031092604564482818 0.005840065744831757 0.00834334299019679 0.02734091408366246 0.02522226465276045 0.0274813781221922 0.05653498490917508 0.0014998829825239035 0.049186193944763534 0.031740174508418484 
0.10301428311299887 0.014357652812831856 0.013151610433678074 0.04339165232560449 3.2516261136761315E-5 2.8004532231062917E-5 3.642697599093303E-5 0.004728084538198507 0.0339946630350636 0.033989861476982686 
0.04782910252256012 1.0593572419281827E-7 0.008461528773126892 0.00683113778098654 0.02557927860792719 2.619539540837934E-7 0.03771798610652388 7.601796839055153E-4 0.06728957968917415 0.06586359260960895 
0.047401755522037625 0.003907645388228076 0.012616682017757452 0.013606030347773634 0.025350437866393682 0.02008997581296501 0.024787152153503245 3.5823505119270127E-4 0.04943614582779554 0.06527510971403128 
0.12377159418113615 8.591473088515045E-10 0.004488604512414729 0.00726927360694396 8.047111946918317E-4 3.736282494438692E-4 7.583636853838449E-4 8.399237783504043E-4 0.03597422272911566 0.06133981949457035 
0.06337526403830807 0.009727885073565923 0.015335559848137392 0.008192138358555257 0.019152685078412612 0.014808507194702725 0.09564569941490986 2.239724696709855E-4 0.01788606541601656 0.02497338112514913 
0.0466518507218352 0.004762392261398629 0.0021638806369057573 0.013390780356351883 0.03776510901727914 0.027184061602859022 0.055923342186637415 0.0022266968276507537 0.032061239486596005 0.04763439578622841 
0.026571095842868764 0.011806166799464335 0.014561319295556707 0.023728465821572176 0.025754097205864523 0.03822983343072006 0.03917072886628281 0.0013197631798508302 0.10387472951842813 0.04114663521825557 
0.04772598504475045 8.777190389933076E-4 0.0011592566323304632 0.0032871434517602327 0.009279704408944933 0.020945644585749212 0.1499871201523958 0.001979734777869835 0.09697870000629161 0.0851413127254036 
0.033560528931507516 0.0049668856731392985 0.011637446382659844 0.021062563497862063 0.028273676712239904 0.02933177328441905 0.08153824298112455 0.0013776958991613686 0.021973684494139833 3.581836033793584E-4 
0.024300629531516904 0.00740965537704652 0.1408255771821061 0.01576539671326871 0.03929544209612168 0.04408360119280619 0.07340299916553283 0.001222679251088099 0.012932096692627959 0.01168037533073385 
0.019340442943060476 0.002441954859446982 0.005231970694663635 0.008473152348821511 0.015721448219652934 0.011373320608334181 0.023084822669881766 9.428814876696334E-4 0.020151736136706178 0.019738755774032724 
0.027885605012550996 0.002427122924035796 0.009747791079028234 0.01581609833823916 0.014620902852822026 0.021265137524352995 0.021469296725438514 0.001752343626410191 0.028401989588877963 0.036252275173398796 
0.05430466080227525 0.0028614802625750446 0.005563173283562817 0.009015214427569362 0.002813835933485942 0.03422706664469999 0.04294139874125469 0.0018829955147821043 0.01892379561184243 0.038029920758110514 
0.033311725384846724 0.008888028519389968 0.012166104986287563 0.034242828074195875 0.0338045781844013 0.025149416429824822 0.12317192545529299 0.004313317299186048 0.00508725982605962 0.020026499228035455 
0.03820615714008091 0.0023853251430022704 0.005110639616106583 0.00827665722809956 0.030992765651188026 0.022365173999780552 0.022549478227739894 2.5186214211414537E-4 0.009554322959093309 0.004649877726698337 
0.034104579323342765 0.006405799328746853 0.013768903753627937 0.02238214348077927 0.027665573135902677 0.019964186608961154 0.020128705069664243 0.001645178294637173 0.035551674707890446 0.03481488007909184 
0.02349618381706864 0.00934018817298865 0.016064199075627728 0.03286378132166068 0.06200701560592137 0.018328312812275427 0.018472029668615053 0.0035939348714540964 0.08143922769292178 0.020383893670730457 
0.03542216418853028 0.013501282241598744 6.142878155168674E-5 6.627150628268907E-8 0.022652203811643123 0.042257951458044674 0.010418619905121718 0.0010625461858557728 0.0354399188009934 0.03128437787395166 
0.016351708354291006 0.003996312982904371 0.01290296460897744 0.013914762042739004 0.03924285900517166 0.018708620371798323 0.05811162445007245 0.0027428222300851512 0.07822195392712672 0.009496717733187943 
0.022951950482279604 0.013471027673612357 0.001051177072667886 0.005152724647379203 0.006467845971719677 0.004400316733208232 0.31257186385739716 0.0021945404487644926 0.0495848555865816 0.04851056539061488 
0.017608324101422657 0.004452784378126018 0.004763398436737121 0.007714301743658503 0.028886969644224103 0.010354732617579021 0.04259547764510119 0.001717810624166649 0.037121231613141625 0.036351908528035826 
0.09411095095974376 0.0033806697741025626 2.0985175819276947E-9 0.005198505458972935 0.01093183138138587 0.007362111925819703 0.13632161111556917 0.0037319605598982175 0.03685354986076861 0.05324311241477997 
0.040338424532855854 0.004956634677612204 0.05525028353426187 0.02320503377631078 0.02140687401274899 0.03130428668708918 0.06483816447906232 0.0019105324880518415 0.04205719643378347 0.040870880834873224 
0.019340442943060587 0.00244195485944676 0.005231970694663524 0.008473152348821511 0.015721448219652823 0.01137332060833407 0.023084822669881766 9.428814876695224E-4 0.020151736136706178 0.019738755774032835 
0.03476493855121088 0.0021704795307493363 0.0046503256414901495 0.007531180874573162 0.04268735710978999 0.020350748622499637 0.02051845261681262 0.0016770335085090071 0.036240053715206 0.03548899269925887 
0.07139430343754616 0.0024874891537136623 0.00512325268033309 0.01576108866706638 0.011250256808557402 0.0081391506975389 0.08699243871661988 0.0031681884196663734 0.08563723580714899 0.023231602872411994 
0.03086179952539425 0.003859027744259391 0.012459709392693474 0.013436748574849444 0.037894750064080385 0.018065923610194323 0.03691558271267248 0.0014887491275363818 0.04882107749424225 0.06446297817986624 
0.02208837971923816 0.012149196880287205 0.04789054752318611 0.033514772230446965 0.1466562322539221 0.031910561488175615 0.008129568555894695 0.0012029320258022946 0.013099792647555009 0.06853656259533114 
0.03250511464566708 0.006105374870744473 0.008722373832080299 0.021332447263483267 0.039912552548605706 0.028729833315514042 0.05910332028160081 1.5991907291645902E-4 0.012299733559945847 0.034374446046262275 
0.03240991614095168 0.009952293141162083 0.01718502673173039 0.028543131023779034 0.08223867697181642 0.009565866180649918 0.018918669220187256 0.00237363263114998 0.03378681416709095 0.033085743558166514 
0.038102220166230105 0.00962699447214388 0.013887870974066185 0.022088705911096573 0.06340028960212296 0.02220218671238483 0.06272054095453727 0.0024261513533805346 0.054558766850801854 0.05246908209006218 
0.02198610983535232 0.0034793692077362826 0.007466164485224636 0.019551688454337524 0.0861705570763216 0.05994568774035991 0.03192278370510793 5.8599262982173E-4 0.012582375205202001 0.05243806592486544 
0.026211716263970286 0.005344417741938667 0.005171785425320041 0.07282562279241622 0.1510568394842141 0.0094844659596941 0.007661200397924339 7.815990178308141E-4 0.016889773274155084 0.10516306107191731 
0.03299404085929175 0.07533817982979846 0.022043153521170644 0.036184540141577515 0.06796842965378397 0.01338810337834645 0.027802022086878986 0.003099587187640418 0.0517538375731163 0.044591846502939736 
0.019340442943060476 0.002441954859446871 0.005231970694663524 0.0084731523488214 0.015721448219652823 0.01137332060833407 0.023084822669881766 9.428814876695224E-4 0.020151736136706178 0.019738755774032724 
0.06642104589804165 0.003554996522966314 0.010738414588110756 0.023063580903163516 0.04337397089305528 0.030822779112158027 0.0021102470841765086 0.004284525983777043 0.1435747624981205 0.027469742842778366 
0.015081093518181321 0.015384631193707476 0.012313357456113727 0.020016069415856097 0.06356392479431838 0.026956979236680723 0.05545618591492674 0.0014712622575756562 0.03179341555978188 0.03113450938987361 
0.020921016005562176 0.012509488824330561 0.016585736452232602 0.028403044499210606 0.006011040942278112 0.015102608813227891 0.004920358534884595 9.419555711909222E-4 0.023494595619016678 0.001705718221626018 
0.03961273630322115 0.002946260787839994 0.0052081864488114915 0.01891235029351468 0.023254979193226166 0.001042514152749363 0.0012184386476781217 9.883932007845875E-4 0.0211484628948434 0.0204126563250413 
0.03247372911158347 0.003982057313510923 0.01074878367416271 0.01753851098935688 0.019496332926171478 0.018835305347821407 0.028870566668192044 0.0015335525951295503 0.025117779614131697 0.29457193753991123 
0.054548661628252226 0.0036115576799471416 0.011920314007855093 0.007811162088124379 0.014493480082266919 0.010663959447554272 0.06544964554986188 2.869411999673055E-6 0.018653445397632917 5.169416254091619E-5 
0.03439269378723586 0.008625386571115001 0.009228883994861437 0.0225712271580355 0.013824051385985525 0.010000692450353066 0.04113908948081979 0.0016590767115582938 0.017719654829407294 0.0532664694508862 
0.049410183949750164 0.005353531647320442 0.011501842632175463 0.03323729278218446 0.034921545894337824 0.01307568490570632 0.02663804267030545 2.979644067766518E-4 0.0340130410541033 0.0332926212279645 
0.03333459668482386 0.0013996757099862256 0.014944834332388579 0.021876819496875144 0.02704096461053851 0.01951345308912189 0.03987343836186974 0.0024133669103636457 0.03474902084619591 0.03402886090645041 
0.057850610022286864 0.0034358076081331956 0.008615075848503184 0.011354939194645336 0.009691665100706015 0.029214112159878625 0.0753831933080984 9.47982180516116E-5 0.16793609802504822 0.02177730125213917 
0.05043512562474617 0.009303076309610359 0.04092735227388167 2.838234966318076E-5 0.020042429378696935 0.014469416923083234 0.0934106908997645 0.0017899281189166505 0.052624452941353095 0.06512928033989651 
0.038423063828284976 0.002670627247924884 0.017199709470119284 0.009751394379604927 0.037740023790297395 0.011172642661142262 0.02267749795660412 9.262447532780715E-4 5.817284431941516E-10 5.812835768281843E-10 
0.019492787423076585 0.002311096654703637 1.3433029000253782E-7 0.017252513284907733 0.032170578538335826 0.010763113058951168 0.07423612985283568 0.004185180525269172 0.004225710096881774 0.004940931621436051 
0.03937648245434722 0.004237860151845643 0.015827277601550005 0.02290427522944727 0.02111131386569308 0.006005101790963113 0.012538605809852735 9.594403046637862E-4 0.10895221138972871 0.04034214131065139 
0.06952927093188543 0.005100469205061242 0.008894121474042449 0.014286648989284279 0.05592162375002013 0.05568896451058064 0.050959545339851475 0.0027505926240004586 0.05324123102040246 0.08089755950611155 
0.05180964799679211 0.006428389728213579 0.013789908137971096 0.02241628731332479 0.013801463038306983 0.030189513191339667 0.040856690828275255 0.0016527893304556507 0.03560590858540025 7.539181812632467E-5 
0.07971371379888359 0.008691664145016875 0.010480353472607562 0.023273497513410124 0.020673520408339696 0.04189236292558007 0.0035975709431118608 0.001487428027818205 0.048780140575464204 0.031489199637156795 
0.04642409826362137 0.004651734709308131 0.007060375503981753 3.8429192200062356E-4 0.004993825445967159 0.02874778495757513 0.05923350118386128 0.003091871744317687 0.06531291399696548 0.05380681005464394 
0.002869588798073641 0.002759236458576453 0.015108837002569375 0.08205136404437308 0.022292569827646602 0.006712560702632597 0.13075307946022896 9.893154961644335E-4 0.017183725576555786 0.04574366765584981 
0.05242738804814495 0.002157925833382035 0.004659883871468318 0.013693622217497148 0.016316874355292055 0.020233043232614323 0.015677302727714948 0.009215445515668108 0.022026310872584887 0.053531572996195265 
0.08167290249272963 0.011177199565636786 0.0036290361925014336 0.005874987663794906 0.013376253043220432 0.008149203277713624 0.02903098280237404 0.0019642318930701563 0.10123842009191353 0.0682169390240902 
0.06178855418193452 0.004500802077551769 0.003219611365999242 0.0157176147161181 0.009651865635984413 0.028390892648607502 0.014158006383995336 5.809508177760936E-4 0.05100026903097532 0.18015446823106862 
0.017221915031882196 0.001991081108454751 0.004273221030339391 0.020417017841170393 0.23697235456443044 0.03805618082010437 0.06994164921225515 0.0035571932617010638 0.03775168866599371 0.009481875772249071 
0.03532724132383991 0.012890762452916427 0.02313195229440701 0.007402351924651107 0.013734639158357709 0.017499923998079647 0.020167461832694356 8.237244941242672E-4 0.06845461219273796 0.01837646483549582 
0.03597953007252108 0.006610726115879206 0.005742004098129416 0.020091267377573274 0.029842650602342813 0.010678544480137386 0.005508267456121763 0.0025527840740861008 0.05587204887685737 0.05469914926606667 
0.031018140887995024 3.9240980610755205E-8 8.183444549574731E-4 0.0027799029772241635 0.024458262534060554 0.01994160071921325 0.003954835555009903 0.0012964789084477166 0.06752242399890972 0.042238684043367225 
0.03352860962666249 0.0056847713972077996 0.012219094950144505 0.022810125187022745 0.030057286288820095 0.039193259354957544 0.036202691097320217 0.0014599992963703068 0.047878274096852635 0.04687487165398563 
0.041932642092025185 0.0033567817801689603 0.006575670778136367 0.02264710965644612 0.060929185478506453 0.03696726220577057 0.050375530007463865 0.001980244149968169 0.04375288696407342 0.11476426625436087 
0.03973508293609773 0.004512427474310465 0.020248702741971325 0.02399986517419661 0.01762336704481604 0.0018028824487200668 0.025055885430431357 0.0018743976580934962 0.023324290546441362 0.02460621065972113 
0.032813157217745914 0.006109766563087704 0.010838846014391557 0.021032693422705195 0.05595221249537441 0.02721971547884172 0.09126240250917184 0.001167592509851989 0.04247002273801603 0.03350066017148079 
0.03790705986922416 0.00236665160203986 0.008883511071890782 0.01863737533803822 0.03075013848539898 0.011022598281903995 0.0010382519043095062 0.0010007942473562181 0.001032353696279742 0.038696555409340916 
0.03229056636392513 0.006065076668378966 0.013036539644712852 0.01080611889024774 0.024503886401880837 0.0342987374039756 0.03862461333357048 0.002337780928217459 0.05108128064564077 0.03296308642272472 
0.03512331916990685 0.004391897596107697 0.009424938916935632 0.015292148094342206 0.028491973059044273 0.010213143379428913 0.04201303274274071 8.466994077632739E-4 0.01809608447666422 0.03585483736030226 
0.035414176288238286 0.004428267014175424 0.00473717080853886 0.015418782769906048 0.02872791582799039 0.010297718685027824 0.020901636200600926 0.001708352230340715 0.03691683933440559 0.036151752199768405 
0.0517264026994366 0.013304475735889415 0.009546633075214556 0.014066509920411946 0.07769399643875477 0.054530654294605324 0.0669068083038806 0.0019605953783398133 0.05561488574239412 0.034471103079609405 
0.011559053009181308 0.005412567360483844 0.014268578873512239 0.03687311207763222 0.05823944998621494 0.03168686298071283 0.13511984730559584 0.0018076099199351714 0.05788940297471035 0.05158550053753441 
